[0][0]: 0.051862 0.115472
[0][1]: 0.000000 0.000000
[0][2]: 0.000000 0.000000
[0][3]: 0.097914 -0.026490
[0][4]: -0.107980 0.025322
[1][0]: 0.000000 0.000000
[1][1]: 0.000000 0.000000
[1][2]: 0.080703 0.008440
[1][3]: 0.000000 0.000000
[1][4]: 0.000000 0.000000
[2][0]: 0.000000 0.000000
[2][1]: 0.038967 0.003668
[2][2]: 0.000000 0.000000
[2][3]: 0.000000 0.000000
[2][4]: 0.000000 0.000000
[3][0]: 0.076618 -0.392801
[3][1]: 0.000000 0.000000
[3][2]: 0.000000 0.000000
[3][3]: 0.000000 0.000000
[3][4]: 0.000000 0.000000
[4][0]: -0.226645 -0.269804
[4][1]: 0.000000 0.000000
[4][2]: 0.000000 0.000000
[4][3]: 0.000000 0.000000
[4][4]: 0.006166 0.075016
